10 0.12052117263843648 0.3644859813084112 0.09120521172638436 0.08722741433021806
10 0.31596091205211724 0.3644859813084112 0.09120521172638436 0.08722741433021806
7 0.6058631921824105 0.08411214953271028 0.09120521172638436 0.08722741433021806
5 0.8013029315960912 0.7320872274143302 0.0749185667752443 0.07165109034267912
10 0.7035830618892508 0.3644859813084112 0.09120521172638436 0.08722741433021806
6 0.8990228013029316 0.9190031152647975 0.0749185667752443 0.07165109034267912
12 0.3127035830618892 0.08411214953271028 0.09120521172638436 0.08722741433021806
8 0.8013029315960912 0.26791277258566976 0.06514657980456026 0.06230529595015576
6 0.12052117263843648 0.9190031152647975 0.0749185667752443 0.07165109034267912
9 0.12052117263843648 0.08722741433021806 0.08794788273615635 0.08411214953271028
4 0.8990228013029316 0.6448598130841121 0.09120521172638436 0.08722741433021806
2 0.7035830618892508 0.9190031152647975 0.0749185667752443 0.07165109034267912
8 0.21498371335504887 0.26791277258566976 0.0749185667752443 0.07165109034267912
10 0.511400651465798 0.3644859813084112 0.09120521172638436 0.08722741433021806
3 0.8013029315960912 0.9252336448598131 0.08794788273615635 0.08411214953271028
11 0.50814332247557 0.08099688473520249 0.07166123778501629 0.06853582554517133
10 0.8990228013029316 0.3613707165109034 0.06840390879478828 0.06542056074766354
13 0.8013029315960912 0.08411214953271028 0.09120521172638436 0.08722741433021806
2 0.31596091205211724 0.9252336448598131 0.08469055374592833 0.08099688473520249
13 0.2182410423452769 0.0778816199376947 0.0781758957654723 0.07476635514018691
3 0.21498371335504887 0.9190031152647975 0.0749185667752443 0.07165109034267912
4 0.50814332247557 0.6386292834890965 0.07166123778501629 0.06853582554517133
9 0.8990228013029316 0.08099688473520249 0.06514657980456026 0.06230529595015576
7 0.41368078175895767 0.0778816199376947 0.0781758957654723 0.07476635514018691
12 0.7035830618892508 0.08722741433021806 0.08794788273615635 0.08411214953271028
0 0.6058631921824105 0.9190031152647975 0.07166123778501629 0.06853582554517133
0 0.41042345276872966 0.9190031152647975 0.07166123778501629 0.06853582554517133
5 0.2182410423452769 0.7320872274143302 0.06840390879478828 0.06542056074766354
4 0.31596091205211724 0.6386292834890965 0.0749185667752443 0.07165109034267912
4 0.7035830618892508 0.6417445482866043 0.0749185667752443 0.07165109034267912
4 0.12052117263843648 0.6479750778816199 0.08469055374592833 0.08099688473520249
1 0.50814332247557 0.9252336448598131 0.08469055374592833 0.08099688473520249