13 0.7035830618892508 0.27102803738317754 0.09120521172638436 0.08722741433021806
10 0.31596091205211724 0.3644859813084112 0.09120521172638436 0.08722741433021806
9 0.8990228013029316 0.08722741433021806 0.08794788273615635 0.08411214953271028
3 0.7035830618892508 0.7383177570093458 0.11726384364820847 0.11214953271028037
8 0.8013029315960912 0.26791277258566976 0.06514657980456026 0.06230529595015576
6 0.12052117263843648 0.9190031152647975 0.0749185667752443 0.07165109034267912
2 0.3127035830618892 0.9190031152647975 0.0749185667752443 0.07165109034267912
1 0.50814332247557 0.9190031152647975 0.0749185667752443 0.07165109034267912
4 0.3127035830618892 0.6386292834890965 0.0749185667752443 0.07165109034267912
9 0.12052117263843648 0.08099688473520249 0.07166123778501629 0.06853582554517133
12 0.3127035830618892 0.08099688473520249 0.07166123778501629 0.06853582554517133
10 0.7035830618892508 0.3613707165109034 0.07166123778501629 0.06853582554517133
12 0.7035830618892508 0.08722741433021806 0.08794788273615635 0.08411214953271028
2 0.7035830618892508 0.9190031152647975 0.0749185667752443 0.07165109034267912
5 0.50814332247557 0.7320872274143302 0.06514657980456026 0.06230529595015576
4 0.7035830618892508 0.6386292834890965 0.07166123778501629 0.06853582554517133
10 0.8990228013029316 0.3613707165109034 0.06840390879478828 0.06542056074766354
10 0.12052117263843648 0.3644859813084112 0.09120521172638436 0.08722741433021806
10 0.50814332247557 0.3613707165109034 0.06840390879478828 0.06542056074766354
7 0.41042345276872966 0.08099688473520249 0.06514657980456026 0.06230529595015576
13 0.2182410423452769 0.08722741433021806 0.08794788273615635 0.08411214953271028
11 0.50814332247557 0.08099688473520249 0.07166123778501629 0.06853582554517133
4 0.8990228013029316 0.6417445482866043 0.0749185667752443 0.07165109034267912
0 0.41042345276872966 0.9190031152647975 0.06840390879478828 0.06542056074766354
6 0.8990228013029316 0.9190031152647975 0.07166123778501629 0.06853582554517133
0 0.6058631921824105 0.9190031152647975 0.07166123778501629 0.06853582554517133
8 0.2182410423452769 0.27414330218068533 0.08794788273615635 0.08411214953271028
3 0.2182410423452769 0.9190031152647975 0.07166123778501629 0.06853582554517133
5 0.21498371335504887 0.7320872274143302 0.07166123778501629 0.06853582554517133
7 0.6091205211726385 0.08411214953271028 0.09120521172638436 0.08722741433021806
4 0.50814332247557 0.6417445482866043 0.06840390879478828 0.06542056074766354
4 0.12052117263843648 0.6417445482866043 0.06514657980456026 0.06230529595015576